CORRECT
6656

[1, 3, 4, 6, 10, 11, 13, 15, 17, 18, 20, 21, 24, 26, 27, 31, 32, 35, 37, 41, 42, 44, 45, 46, 48, 50, 52, 53, 54, 56, 59, 60, 61, 62, 63, 64, 65, 66, 68, 70, 71, 72, 73, 74, 76, 80, 81, 82, 83, 88, 89, 90, 91, 94, 96, 97, 99, 100, 101, 102, 104, 105, 106, 107, 109, 110, 112, 117, 120, 121, 123, 124, 125, 126, 127, 129, 130, 131, 132, 133, 135, 138, 143, 144, 147, 149, 150]

WRONG
6796


[1, 3, 4, 6, 10, 11, 13, 15, 17, 18, 20, 21, 24, 26, 27, 31, 32, 35, 37, 41, 42, 44, 45, 46, 48, 50, 52, 53, 54, 56, 59, 60, 61, 62, 63, 64, 65, 66, 68, 70, 71, 72, 73, 74, 76, 80, 81, 82, 83, 88, 89, 90, 91, 94, 96, 97, 99, 100, 101, 102, 104, 105, 106, 107, 109, 110, 112, 117, 120, 121, 123, 124, 125, 126, 127, 129, 130, 131, 132, 133, 135, 138, 140, 143, 144, 147, 149, 150]
